name: masterarbeit
channels:
  - conda-forge
  - anaconda
  - defaults
dependencies:
  - blas=1.0=mkl
  - bzip2=1.0.8=he774522_0
  - ca-certificates=2023.7.22=h56e8100_0
  - cgal-cpp=5.6=h1344ace_1
  - eigen=3.4.0=h91493d7_0
  - expat=2.5.0=h63175ca_1
  - font-ttf-dejavu-sans-mono=2.37=hab24e00_0
  - font-ttf-inconsolata=3.000=h77eed37_0
  - font-ttf-source-code-pro=2.038=h77eed37_0
  - font-ttf-ubuntu=0.83=hab24e00_0
  - fontconfig=2.14.2=hbde0cde_0
  - fonts-conda-ecosystem=1=0
  - fonts-conda-forge=1=0
  - freeimage=3.18.0=h609497f_18
  - freetype=2.12.1=hdaf720e_2
  - hdf5=1.14.2=nompi_h73e8ff5_100
  - ifcopenshell=v0.7.0a10=py310h274c5cd_2
  - imath=3.1.9=h12be248_0
  - intel-openmp=2023.2.0=h57928b3_50497
  - jxrlib=1.1=h8ffe710_2
  - krb5=1.21.2=heb0366b_0
  - lcms2=2.15=h67d730c_3
  - lerc=4.0.0=h63175ca_0
  - libaec=1.1.2=h63175ca_1
  - libblas=3.9.0=19_win64_mkl
  - libboost=1.82.0=h65993cd_6
  - libboost-devel=1.82.0=h91493d7_6
  - libboost-headers=1.82.0=h57928b3_6
  - libcblas=3.9.0=19_win64_mkl
  - libcurl=8.4.0=hd5e4a3a_0
  - libdeflate=1.19=hcfcfb64_0
  - libexpat=2.5.0=h63175ca_1
  - libffi=3.4.4=hd77b12b_0
  - libhwloc=2.9.3=default_haede6df_1009
  - libiconv=1.17=h8ffe710_0
  - libjpeg-turbo=3.0.0=hcfcfb64_1
  - liblapack=3.9.0=19_win64_mkl
  - libpng=1.6.39=h19919ed_0
  - libraw=0.21.1=h5557f11_2
  - libssh2=1.11.0=h7dfc565_0
  - libtiff=4.6.0=h6e2ebb7_2
  - libwebp-base=1.3.2=hcfcfb64_0
  - libxml2=2.11.5=hc3477c8_1
  - libzlib=1.2.13=hcfcfb64_5
  - mkl=2023.2.0=h6a75c08_50496
  - mkl-service=2.4.0=py310h2bbff1b_1
  - mkl_fft=1.3.8=py310h2bbff1b_0
  - mkl_random=1.2.4=py310h59b6b97_0
  - mpfr=4.2.1=h64bf75a_0
  - mpir=3.0.0=he025d50_1002
  - numpy=1.26.0=py310h055cbcc_0
  - numpy-base=1.26.0=py310h65a83cf_0
  - occt=7.7.2=novtk_hdfb195f_101
  - openexr=3.2.1=h5fba010_0
  - openjpeg=2.5.0=h3d672ee_3
  - openssl=3.1.4=hcfcfb64_0
  - owlready2=0.44=py310h8d17308_2
  - pip=23.3=py310haa95532_0
  - pthreads-win32=2.9.1=hfa6e2cd_3
  - pyparsing=3.1.1=pyhd8ed1ab_0
  - python=3.10.13=he1021f5_0
  - python_abi=3.10=2_cp310
  - pythonocc-core=7.7.2=py310h567bedc_1
  - quaternion=2022.4.3=py310h3e78b6c_1
  - rapidjson=1.1.0=ha925a31_1002
  - setuptools=68.0.0=py310haa95532_0
  - six=1.16.0=pyh6c4a22f_0
  - sqlite=3.41.2=h2bbff1b_0
  - svgwrite=1.4.3=pyhd8ed1ab_0
  - tbb=2021.10.0=h91493d7_2
  - tk=8.6.12=h2bbff1b_0
  - tzdata=2023c=h04d1e81_0
  - ucrt=10.0.22621.0=h57928b3_0
  - vc=14.2=h21ff451_1
  - vc14_runtime=14.36.32532=hdcecf7f_17
  - vs2015_runtime=14.36.32532=h05e6639_17
  - wheel=0.41.2=py310haa95532_0
  - xz=5.4.2=h8cc25b3_0
  - zlib=1.2.13=hcfcfb64_5
  - zstd=1.5.5=h12be248_0
